Number of train Samples : 3200 
Train accuracy : 99.8125 (%)

Classification result: 
              precision    recall  f1-score   support

           0       1.00      1.00      1.00       200
           1       0.99      0.98      0.98       200
           2       1.00      1.00      1.00       200
           3       1.00      1.00      1.00       200
           4       1.00      1.00      1.00       200
           5       1.00      1.00      1.00       200
           6       1.00      1.00      1.00       200
           7       1.00      1.00      1.00       200
           8       1.00      1.00      1.00       200
           9       0.99      0.99      0.99       200
          10       0.99      0.99      0.99       200
          11       1.00      1.00      1.00       200
          12       1.00      1.00      1.00       200
          13       1.00      1.00      1.00       200
          14       1.00      1.00      1.00       200
          15       1.00      1.00      1.00       200

    accuracy                           1.00      3200
   macro avg       1.00      1.00      1.00      3200
weighted avg       1.00      1.00      1.00      3200

 confusion matrix: 
[[200   0   0   0   0   0   0   0   0   0   0   0   0   0   0   0]
 [  0 196   0   0   0   0   0   0   0   2   2   0   0   0   0   0]
 [  0   0 200   0   0   0   0   0   0   0   0   0   0   0   0   0]
 [  0   0   0 200   0   0   0   0   0   0   0   0   0   0   0   0]
 [  0   0   0   0 200   0   0   0   0   0   0   0   0   0   0   0]
 [  0   0   0   0   0 200   0   0   0   0   0   0   0   0   0   0]
 [  0   0   0   0   0   0 200   0   0   0   0   0   0   0   0   0]
 [  0   0   0   0   0   0   0 200   0   0   0   0   0   0   0   0]
 [  0   0   0   0   0   0   0   0 200   0   0   0   0   0   0   0]
 [  0   1   0   0   0   0   0   0   0 199   0   0   0   0   0   0]
 [  0   1   0   0   0   0   0   0   0   0 199   0   0   0   0   0]
 [  0   0   0   0   0   0   0   0   0   0   0 200   0   0   0   0]
 [  0   0   0   0   0   0   0   0   0   0   0   0 200   0   0   0]
 [  0   0   0   0   0   0   0   0   0   0   0   0   0 200   0   0]
 [  0   0   0   0   0   0   0   0   0   0   0   0   0   0 200   0]
 [  0   0   0   0   0   0   0   0   0   0   0   0   0   0   0 200]]